SYSTEM-SPECIFIC SETTINGS:
Number of active electrons          ...    4
Number of active orbitals           ...    6
Total number of electrons           ...  302
Total number of orbitals            ...  812

Determined orbital ranges:
   Internal       0 -  148 ( 149 orbitals)
   Active       149 -  154 (   6 orbitals)
   External     155 -  811 ( 657 orbitals)
Number of rotation parameters      ... 102729

---------------------------------
      ZERO-FIELD SPLITTING
(SPIN-SPIN COUPLING CONTRIBUTION)
---------------------------------

Raw matrix (cm-1):
   -0.001131     0.026888     0.027185 
    0.026888     0.000576     0.025116 
    0.027185     0.025116     0.000556 

Eigenvalues (cm-1):
   -0.024542    -0.028251     0.052793 

Eigenvalues (traceless) (cm-1):
   -0.024542    -0.028251     0.052793 

Eigenvectors:
    0.038148     0.814850    -0.578415 
   -0.726692    -0.374693    -0.575781 
    0.685903    -0.442294    -0.577852 

Euler angles w.r.t. molecular frame (degrees):
    -32.8153      54.7004     135.1307

Direction X=1 Y=0 Z=2
D   =    0.079189  cm-1
E/D =    0.023417

--------------------------------------------
           ZERO-FIELD SPLITTING
(2ND ORDER SPIN-ORBIT COUPLING CONTRIBUTION)
--------------------------------------------

Second order D-tensor: component '0'
    0.000000     0.000000     0.000000 
    0.000000     0.000000     0.000000 
    0.000000     0.000000     0.000000 

Second order D-tensor: component '-'
    0.000001     0.000000     0.000002 
    0.000000     0.000000     0.000001 
    0.000002     0.000001     0.000005 

Second order D-tensor: component '+'
    0.000000    -0.000000     0.000000 
   -0.000000     0.000000    -0.000000 
    0.000000    -0.000000     0.000000 

Raw matrix (cm-1):
    0.000001     0.000000     0.000002 
    0.000000     0.000000     0.000001 
    0.000002     0.000001     0.000005 

Eigenvalues (cm-1):
    0.000000     0.000000     0.000006 

Eigenvalues (traceless) (cm-1):
   -0.000002    -0.000002     0.000004 

Eigenvectors:
    0.384632    -0.858982     0.337946 
   -0.921832    -0.376402     0.092452 
   -0.047789     0.347089     0.936614 

Euler angles w.r.t. molecular frame (degrees):
    -82.1605     159.4904     -15.3000

--------------------------------------------------------
                  ZERO-FIELD SPLITTING
(EFFECTIVE HAMILTONIAN SPIN-ORBIT COUPLING CONTRIBUTION)
--------------------------------------------------------

Raw matrix (cm-1):
    0.000001     0.000000     0.000002 
    0.000000     0.000000     0.000001 
    0.000002     0.000001     0.000005 

Eigenvalues (cm-1):
    0.000000    -0.000000     0.000006 

Eigenvalues (traceless) (cm-1):
   -0.000002    -0.000002     0.000004 

Eigenvectors:
   -0.275994    -0.900917     0.334928 
   -0.940401     0.325139     0.099657 
    0.198681     0.287462     0.936959 

Euler angles w.r.t. molecular frame (degrees):
     55.3495     159.5469     -16.5702

-----------------------------------------------------------
                   ZERO-FIELD SPLITTING
(SPIN-SPIN AND 2ND ORDER SPIN-ORBIT COUPLING CONTRIBUTIONS)
-----------------------------------------------------------

Raw matrix (cm-1):
   -0.001130     0.026888     0.027187 
    0.026888     0.000576     0.025116 
    0.027187     0.025116     0.000561 

Eigenvalues (cm-1):
   -0.024540    -0.028250     0.052796 

Eigenvalues (traceless) (cm-1):
   -0.024542    -0.028252     0.052794 

Eigenvectors:
    0.038013     0.814862    -0.578407 
   -0.726660    -0.374789    -0.575760 
    0.685945    -0.442191    -0.577880 

Euler angles w.r.t. molecular frame (degrees):
    -32.8077      54.6984     135.1314

----------------------------------------------------------------------
                         ZERO-FIELD SPLITTING
(SPIN-SPIN AND EFFECTIVE HAMILTONIAN SPIN-ORBIT COUPLING CONTRIBUTION)
----------------------------------------------------------------------

Raw matrix (cm-1):
   -0.001131     0.026888     0.027187 
    0.026888     0.000576     0.025116 
    0.027187     0.025116     0.000561 

Eigenvalues (cm-1):
   -0.024540    -0.028251     0.052796 

Eigenvalues (traceless) (cm-1):
   -0.024542    -0.028253     0.052794 

Eigenvectors:
    0.037995     0.814863    -0.578408 
   -0.726650    -0.374806    -0.575760 
    0.685956    -0.442176    -0.577880 

Euler angles w.r.t. molecular frame (degrees):
    -32.8063      54.6985     135.1314


